0 -1.5708 0 0.981
0.005 -1.5708 0.4905 0.982203
0.01 -1.56834 0.98088 0.983405
0.015 -1.56344 1.47078 0.984599
0.02 -1.55609 1.95982 0.985774
0.025 -1.54629 2.44763 0.986913
0.03 -1.53405 2.93378 0.987994
0.035 -1.51938 3.41784 0.988991
0.04 -1.50229 3.89933 0.989872
0.045 -1.48279 4.37772 0.990603
0.05 -1.4609 4.85243 0.991144
0.055 -1.43664 5.32282 0.991452
0.06 -1.41003 5.78819 0.991481
0.065 -1.38109 6.24776 0.991183
0.07 -1.34985 6.70069 0.990506
0.075 -1.31635 7.14607 0.9894
0.08 -1.28062 7.5829 0.987812
0.085 -1.2427 8.0101 0.985691
0.09 -1.20265 8.42655 0.982985
0.095 -1.16052 8.83103 0.979649
0.1 -1.11636 9.22227 0.975637
0.105 -1.07025 9.59893 0.970911
0.11 -1.02226 9.95965 0.965438
0.115 -0.972458 10.303 0.959192
0.12 -0.920943 10.6276 0.952155
0.125 -0.867805 10.932 0.94432
0.13 -0.813145 11.2147 0.935688
0.135 -0.757072 11.4744 0.926274
0.14 -0.699699 11.7098 0.9161
0.145 -0.64115 11.9196 0.905205
0.15 -0.581552 12.1026 0.893636
0.155 -0.521039 12.2579 0.881453
0.16 -0.459749 12.3844 0.868725
0.165 -0.397828 12.4814 0.855534
0.17 -0.335421 12.5483 0.841966
0.175 -0.272679 12.5847 0.828117
0.18 -0.209756 12.5904 0.814088
0.185 -0.146804 12.5653 0.799981
0.19 -0.0839779 12.5095 0.785901
0.195 -0.0214302 12.4236 0.77195
0.2 0.0406877 12.3079 0.75823
0.205 0.102227 12.1632 0.744834
0.21 0.163043 11.9903 0.731852
0.215 0.222995 11.7904 0.719362
0.22 0.281947 11.5646 0.707437
0.225 0.33977 11.3142 0.696135
0.23 0.396341 11.0405 0.685505
0.235 0.451543 10.7449 0.675585
0.24 0.505267 10.429 0.666402
0.245 0.557413 10.0943 0.65797
0.25 0.607884 9.74224 0.650294
0.255 0.656595 9.37438 0.643369
0.26 0.703467 8.99218 0.637182
0.265 0.748428 8.59706 0.63171
0.27 0.791413 8.19038 0.626925
0.275 0.832365 7.77345 0.622793
0.28 0.871232 7.34748 0.619277
0.285 0.90797 6.91361 0.616334
0.29 0.942538 6.47289 0.613922
0.295 0.974902 6.02627 0.611995
0.3 1.00503 5.57463 0.610508
0.305 1.03291 5.11872 0.609416
0.31 1.0585 4.65926 0.608677
0.315 1.0818 4.19683 0.608249
0.32 1.10278 3.73197 0.608093
0.325 1.12144 3.26512 0.608173
0.33 1.13777 2.79668 0.608457
0.335 1.15175 2.32696 0.608915
0.34 1.16338 1.85623 0.609522
0.345 1.17267 1.38472 0.610258
0.35 1.17959 0.912609 0.611104
0.355 1.18415 0.440047 0.61205
0.36 1.18635 -0.032837 0.613088
0.365 1.18619 -0.469138 0.614033
0.37 1.18384 -0.905291 0.614899
0.375 1.17932 -1.34061 0.615679
0.38 1.17261 -1.77438 0.616365
0.385 1.16374 -2.20592 0.616946
0.39 1.15271 -2.63449 0.617406
0.395 1.13954 -3.05935 0.617727
0.4 1.12424 -3.47976 0.617889
0.405 1.10684 -3.89492 0.617868
0.41 1.08737 -4.30404 0.617639
0.415 1.06585 -4.70627 0.617175
0.42 1.04232 -5.10075 0.616448
0.425 1.01681 -5.4866 0.615431
0.43 0.989381 -5.86288 0.614094
0.435 0.960066 -6.22866 0.612411
0.44 0.928923 -6.58296 0.610355
0.445 0.896008 -6.92481 0.607903
0.45 0.861384 -7.25319 0.605032
0.455 0.825118 -7.5671 0.601726
0.46 0.787283 -7.86552 0.597969
0.465 0.747955 -8.14746 0.593753
0.47 0.707218 -8.41192 0.589073
0.475 0.665158 -8.65795 0.58393
0.48 0.621868 -8.8846 0.578332
0.485 0.577445 -9.09101 0.572292
0.49 0.53199 -9.27634 0.565828
0.495 0.485609 -9.43985 0.558967
0.5 0.438409 -9.58086 0.551739
0.505 0.390505 -9.69877 0.544183
0.51 0.342011 -9.79309 0.53634
0.515 0.293046 -9.86343 0.528258
0.52 0.243729 -9.90952 0.519987
0.525 0.194181 -9.93119 0.51158
0.53 0.144525 -9.9284 0.503093
0.535 0.0948832 -9.90121 0.494583
0.54 0.0453771 -9.84984 0.486106
0.545 -0.0038721 -9.77458 0.477719
0.55 -0.052745 -9.67586 0.469475
0.555 -0.101124 -9.55421 0.461426
0.56 -0.148895 -9.41025 0.453618
0.565 -0.195947 -9.2447 0.446095
0.57 -0.24217 -9.05836 0.438895
0.575 -0.287462 -8.85209 0.432051
0.58 -0.331722 -8.6268 0.42559
0.585 -0.374856 -8.38347 0.419534
0.59 -0.416774 -8.1231 0.413897
0.595 -0.457389 -7.84669 0.408691
0.6 -0.496623 -7.55529 0.40392
0.605 -0.534399 -7.24992 0.399583
0.61 -0.570649 -6.93161 0.395675
0.615 -0.605307 -6.60135 0.392186
0.62 -0.638314 -6.26012 0.389103
0.625 -0.669614 -5.90888 0.38641
0.63 -0.699159 -5.54852 0.384088
0.635 -0.726901 -5.17991 0.382117
0.64 -0.752801 -4.80387 0.380475
0.645 -0.77682 -4.42119 0.379138
0.65 -0.798926 -4.03259 0.378084
0.655 -0.819089 -3.63875 0.37729
0.66 -0.837283 -3.24032 0.376735
0.665 -0.853484 -2.83787 0.376396
0.67 -0.867674 -2.43197 0.376255
0.675 -0.879833 -2.02313 0.376294
0.68 -0.889949 -1.61183 0.376498
0.685 -0.898008 -1.19852 0.376854
0.69 -0.904001 -0.783622 0.37735
0.695 -0.907919 -0.36754 0.37798
0.7 -0.909757 0.0493364 0.378739
0.705 -0.90951 0.4064 0.379362
0.71 -0.907478 0.763298 0.379877
0.715 -0.903662 1.1193 0.380283
0.72 -0.898065 1.47366 0.380573
0.725 -0.890697 1.82564 0.380743
0.73 -0.881569 2.17449 0.380784
0.735 -0.870696 2.51947 0.380686
0.74 -0.858099 2.85982 0.380439
0.745 -0.8438 3.19477 0.380032
0.75 -0.827826 3.52356 0.379452
0.755 -0.810208 3.8454 0.378685
0.76 -0.790981 4.15953 0.37772
0.765 -0.770183 4.46516 0.376543
0.77 -0.747858 4.7615 0.375142
0.775 -0.72405 5.04778 0.373505
0.78 -0.698811 5.32321 0.371622
0.785 -0.672195 5.58703 0.369485
0.79 -0.64426 5.83848 0.367086
0.795 -0.615068 6.07682 0.364422
0.8 -0.584683 6.30132 0.36149
0.805 -0.553177 6.51129 0.358291
0.81 -0.52062 6.70606 0.354828
0.815 -0.48709 6.88501 0.351108
0.82 -0.452665 7.04754 0.347141
0.825 -0.417427 7.19312 0.342939
0.83 -0.381462 7.32127 0.338518
0.835 -0.344855 7.43155 0.333896
0.84 -0.307698 7.52359 0.329096
0.845 -0.27008 7.5971 0.324141
0.85 -0.232094 7.65184 0.319057
0.855 -0.193835 7.68765 0.313871
0.86 -0.155397 7.70445 0.308614
0.865 -0.116875 7.70223 0.303314
0.87 -0.0783635 7.68105 0.298003
0.875 -0.0399583 7.64104 0.292711
0.88 -0.00175308 7.58244 0.287468
0.885 0.0361591 7.5055 0.282304
0.89 0.0736866 7.41058 0.277246
0.895 0.11074 7.2981 0.27232
0.9 0.14723 7.16851 0.267551
0.905 0.183073 7.02234 0.26296
0.91 0.218184 6.86016 0.258566
0.915 0.252485 6.68257 0.254386
0.92 0.285898 6.49021 0.250434
0.925 0.318349 6.28376 0.24672
0.93 0.349768 6.06391 0.243252
0.935 0.380087 5.83136 0.240035
0.94 0.409244 5.58683 0.237072
0.945 0.437178 5.33104 0.234363
0.95 0.463833 5.06473 0.231906
0.955 0.489157 4.78859 0.229696
0.96 0.5131 4.50335 0.227727
0.965 0.535617 4.2097 0.225993
0.97 0.556665 3.90832 0.224485
0.975 0.576207 3.59988 0.223193
0.98 0.594206 3.28503 0.222107
0.985 0.610631 2.96438 0.221218
0.99 0.625453 2.63856 0.220515
0.995 0.638646 2.30814 0.219989
1 0.650187 1.9737 0.21963
1.005 0.660055 1.63579 0.21943
1.01 0.668234 1.29495 0.219381
1.015 0.674709 0.951701 0.219477
1.02 0.679468 0.606545 0.219712
1.025 0.6825 0.259985 0.220084
1.03 0.6838 -0.0874872 0.220589
1.035 0.683363 -0.359331 0.220925
1.04 0.681566 -0.630934 0.221159
1.045 0.678411 -0.901664 0.221287
1.05 0.673903 -1.17088 0.221309
1.055 0.668049 -1.43796 0.221222
1.06 0.660859 -1.70227 0.221023
1.065 0.652348 -1.96316 0.220708
1.07 0.642532 -2.22002 0.220272
1.075 0.631432 -2.4722 0.219712
1.08 0.619071 -2.7191 0.219023
1.085 0.605475 -2.96008 0.218201
1.09 0.590675 -3.19454 0.217241
1.095 0.574702 -3.42187 0.216139
1.1 0.557593 -3.64147 0.214892
1.105 0.539385 -3.85276 0.213497
1.11 0.520122 -4.05518 0.211951
1.115 0.499846 -4.24817 0.210254
1.12 0.478605 -4.43119 0.208404
1.125 0.456449 -4.60373 0.206403
1.13 0.43343 -4.76529 0.204253
1.135 0.409604 -4.91543 0.201957
1.14 0.385027 -5.0537 0.19952
1.145 0.359758 -5.17969 0.196948
1.15 0.33386 -5.29305 0.194248
1.155 0.307394 -5.39343 0.19143
1.16 0.280427 -5.48055 0.188503
1.165 0.253025 -5.55415 0.185478
1.17 0.225254 -5.61403 0.182369
1.175 0.197184 -5.66001 0.179188
1.18 0.168884 -5.69199 0.17595
1.185 0.140424 -5.70988 0.17267
1.19 0.111874 -5.71366 0.169362
1.195 0.083306 -5.70336 0.166043
1.2 0.0547892 -5.67903 0.162729
1.205 0.0263941 -5.64078 0.159434
1.21 -0.00180981 -5.58879 0.156174
1.215 -0.0297537 -5.52323 0.152965
1.22 -0.0573699 -5.44436 0.149819
1.225 -0.0845917 -5.35244 0.146751
1.23 -0.111354 -5.2478 0.143773
1.235 -0.137593 -5.13078 0.140896
1.24 -0.163247 -5.00176 0.13813
1.245 -0.188256 -4.86113 0.135485
1.25 -0.212561 -4.70934 0.132968
1.255 -0.236108 -4.54682 0.130585
1.26 -0.258842 -4.37406 0.128342
1.265 -0.280712 -4.19153 0.126243
1.27 -0.30167 -3.99973 0.124289
1.275 -0.321669 -3.79916 0.122484
1.28 -0.340664 -3.59034 0.120828
1.285 -0.358616 -3.37378 0.11932
1.29 -0.375485 -3.15 0.117959
1.295 -0.391235 -2.91953 0.116744
1.3 -0.405833 -2.68288 0.115672
1.305 -0.419247 -2.44057 0.114741
1.31 -0.43145 -2.19312 0.113947
1.315 -0.442416 -1.94104 0.113289
1.32 -0.452121 -1.68484 0.112762
1.325 -0.460545 -1.42501 0.112363
1.33 -0.46767 -1.16206 0.112091
1.335 -0.47348 -0.896479 0.111941
1.34 -0.477963 -0.628762 0.111914
1.345 -0.481107 -0.359395 0.112006
1.35 -0.482904 -0.0888648 0.112216
1.355 -0.483348 0.182345 0.112546
1.36 -0.482436 0.366856 0.112637
1.365 -0.480602 0.550898 0.112648
1.37 -0.477847 0.734018 0.112579
1.375 -0.474177 0.915758 0.112428
1.38 -0.469598 1.09567 0.112196
1.385 -0.46412 1.27329 0.111881
1.39 -0.457754 1.44818 0.111483
1.395 -0.450513 1.6199 0.111001
1.4 -0.442413 1.78801 0.110435
1.405 -0.433473 1.95208 0.109783
1.41 -0.423713 2.11168 0.109047
1.415 -0.413154 2.26641 0.108225
1.42 -0.401822 2.41585 0.107319
1.425 -0.389743 2.55963 0.106327
1.43 -0.376945 2.69734 0.105251
1.435 -0.363458 2.82864 0.104092
1.44 -0.349315 2.95318 0.102851
1.445 -0.334549 3.0706 0.101531
1.45 -0.319196 3.18061 0.100134
1.455 -0.303293 3.2829 0.0986618
1.46 -0.286878 3.37719 0.0971189
1.465 -0.269993 3.46324 0.0955089
1.47 -0.252676 3.5408 0.0938361
1.475 -0.234972 3.60966 0.0921053
1.48 -0.216924 3.66964 0.0903218
1.485 -0.198576 3.72057 0.0884914
1.49 -0.179973 3.76233 0.0866202
1.495 -0.161161 3.79479 0.0847145
1.5 -0.142187 3.81789 0.0827812
1.505 -0.123098 3.83155 0.0808272
1.51 -0.10394 3.83576 0.0788597
1.515 -0.0847614 3.83051 0.0768859
1.52 -0.0656088 3.81582 0.0749132
1.525 -0.0465297 3.79176 0.0729489
1.53 -0.0275709 3.75839 0.0710002
1.535 -0.008779 3.71581 0.0690742
1.54 0.00980007 3.66417 0.0671778
1.545 0.0281209 3.6036 0.0653176
1.55 0.0461389 3.53429 0.0634999
1.555 0.0638104 3.45642 0.0617307
1.56 0.0810925 3.37022 0.0600156
1.565 0.0979435 3.27592 0.0583598
1.57 0.114323 3.17377 0.0567679
1.575 0.130192 3.06405 0.0552443
1.58 0.145512 2.94705 0.0537928
1.585 0.160247 2.82305 0.0524168
1.59 0.174363 2.69238 0.0511191
1.595 0.187825 2.55535 0.0499023
1.6 0.200601 2.41231 0.0487684
1.605 0.212663 2.2636 0.0477191
1.61 0.223981 2.10957 0.0467558
1.615 0.234529 1.95057 0.0458796
1.62 0.244282 1.78698 0.0450911
1.625 0.253217 1.61916 0.0443908
1.63 0.261312 1.44748 0.0437792
1.635 0.26855 1.27233 0.0432563
1.64 0.274911 1.09408 0.0428223
1.645 0.280382 0.913121 0.0424771
1.65 0.284947 0.729837 0.0422207
1.655 0.288597 0.544615 0.042053
1.66 0.29132 0.357846 0.041974
1.665 0.293109 0.169919 0.0419838
1.67 0.293958 -0.0187737 0.0420823
1.675 0.293865 -0.113947 0.0421188
1.68 0.293295 -0.209068 0.0421107
1.685 0.29225 -0.303898 0.0420579
1.69 0.29073 -0.398198 0.0419606
1.695 0.288739 -0.49173 0.0418188
1.7 0.28628 -0.584256 0.0416326
1.705 0.283359 -0.675542 0.0414024
1.71 0.279981 -0.765355 0.0411284
1.715 0.276155 -0.853466 0.0408111
1.72 0.271887 -0.939649 0.040451
1.725 0.267189 -1.02368 0.0400486
1.73 0.262071 -1.10535 0.0396047
1.735 0.256544 -1.18445 0.03912
1.74 0.250622 -1.26076 0.0385955
1.745 0.244318 -1.33409 0.0380322
1.75 0.237647 -1.40426 0.0374312
1.755 0.230626 -1.47107 0.0367938
1.76 0.223271 -1.53436 0.0361213
1.765 0.215599 -1.59396 0.0354152
1.77 0.207629 -1.64971 0.0346772
1.775 0.199381 -1.70146 0.033909
1.78 0.190873 -1.74909 0.0331125
1.785 0.182128 -1.79245 0.0322897
1.79 0.173166 -1.83145 0.0314426
1.795 0.164008 -1.86597 0.0305735
1.8 0.154678 -1.89592 0.0296847
1.805 0.145199 -1.92123 0.0287785
1.81 0.135593 -1.94182 0.0278575
1.815 0.125884 -1.95764 0.0269243
1.82 0.116095 -1.96864 0.0259814
1.825 0.106252 -1.9748 0.0250315
1.83 0.0963782 -1.9761 0.0240774
1.835 0.0864977 -1.97252 0.0231218
1.84 0.0766351 -1.96409 0.0221674
1.845 0.0668147 -1.9508 0.0212171
1.85 0.0570607 -1.93271 0.0202734
1.855 0.0473971 -1.90984 0.0193392
1.86 0.0378479 -1.88226 0.0184171
1.865 0.0284366 -1.85004 0.0175098
1.87 0.0191864 -1.81324 0.0166198
1.875 0.0101202 -1.77197 0.0157496
1.88 0.00126032 -1.72632 0.0149016
1.885 -0.00737126 -1.67639 0.0140781
1.89 -0.0157532 -1.62232 0.0132814
1.895 -0.0238648 -1.56424 0.0125135
1.9 -0.031686 -1.50227 0.0117765
1.905 -0.0391974 -1.43658 0.0110723
1.91 -0.0463803 -1.36731 0.0104027
1.915 -0.0532169 -1.29464 0.00976926
1.92 -0.0596901 -1.21873 0.00917362
1.925 -0.0657837 -1.13977 0.00861721
1.93 -0.0714826 -1.05793 0.00810134
1.935 -0.0767722 -0.973412 0.00762723
1.94 -0.0816393 -0.886413 0.007196
1.945 -0.0860713 -0.797134 0.00680863
1.95 -0.090057 -0.705782 0.00646604
1.955 -0.0935859 -0.612569 0.00616902
1.96 -0.0966488 -0.517709 0.0059183
1.965 -0.0992373 -0.421421 0.00571448
1.97 -0.101344 -0.323928 0.00555811
1.975 -0.102964 -0.225452 0.00544963
1.98 -0.104091 -0.126222 0.00538943
1.985 -0.104722 -0.026465 0.0053778
1.99 -0.104855 0.0735892 0.00541495
1.995 -0.104487 0.0761429 0.00537915
2 -0.104106 0.0785151 0.0053421
2.005 -0.103714 0.0806994 0.00530389
2.01 -0.10331 0.0826901 0.00526462
2.015 -0.102897 0.0844816 0.00522437
2.02 -0.102474 0.0860692 0.00518325
2.025 -0.102044 0.0874485 0.00514135
2.03 -0.101607 0.0886155 0.00509878
2.035 -0.101163 0.0895669 0.00505563
2.04 -0.100716 0.0902997 0.00501202
2.045 -0.100264 0.0908118 0.00496805
2.05 -0.0998101 0.0911012 0.00492383
2.055 -0.0993546 0.0911668 0.00487947
2.06 -0.0988988 0.0910078 0.00483507
2.065 -0.0984437 0.0906241 0.00479074
2.07 -0.0979906 0.0900162 0.00474661
2.075 -0.0975405 0.089185 0.00470276
2.08 -0.0970946 0.0881319 0.00465932
2.085 -0.0966539 0.0868592 0.0046164
2.09 -0.0962196 0.0853693 0.00457409
2.095 -0.0957928 0.0836655 0.00453251
2.1 -0.0953745 0.0817514 0.00449176
2.105 -0.0949657 0.0796313 0.00445195
2.11 -0.0945676 0.0773098 0.00441317
2.115 -0.094181 0.0747923 0.00437552
2.12 -0.093807 0.0720844 0.0043391
2.125 -0.0934466 0.0691923 0.004304
2.13 -0.0931007 0.0661228 0.00427031
2.135 -0.09277 0.062883 0.00423813
2.14 -0.0924556 0.0594804 0.00420752
2.145 -0.0921582 0.055923 0.00417857
2.15 -0.0918786 0.0522192 0.00415137
2.155 -0.0916175 0.0483778 0.00412597
2.16 -0.0913756 0.0444079 0.00410244
2.165 -0.0911536 0.040319 0.00408086
2.17 -0.090952 0.0361207 0.00406127
2.175 -0.0907714 0.0318233 0.00404374
2.18 -0.0906123 0.027437 0.0040283
2.185 -0.0904751 0.0229724 0.00401501
2.19 -0.0903602 0.0184402 0.00400389
2.195 -0.090268 0.0138516 0.003995
2.2 -0.0901988 0.00921752 0.00398834
2.205 -0.0901527 0 0.00398384
2.21 -0.0901527 0 0.00398384
2.215 -0.0901527 0 0.00398384
2.22 -0.0901527 0 0.00398384
2.225 -0.0901527 0 0.00398384
2.23 -0.0901527 0 0.00398384
2.235 -0.0901527 0 0.00398384
2.24 -0.0901527 0 0.00398384
2.245 -0.0901527 0 0.00398384
2.25 -0.0901527 0 0.00398384
2.255 -0.0901527 0 0.00398384
2.26 -0.0901527 0 0.00398384
2.265 -0.0901527 0 0.00398384
2.27 -0.0901527 0 0.00398384
2.275 -0.0901527 0 0.00398384
2.28 -0.0901527 0 0.00398384
2.285 -0.0901527 0 0.00398384
2.29 -0.0901527 0 0.00398384
2.295 -0.0901527 0 0.00398384
2.3 -0.0901527 0 0.00398384
2.305 -0.0901527 0 0.00398384
2.31 -0.0901527 0 0.00398384
2.315 -0.0901527 0 0.00398384
2.32 -0.0901527 0 0.00398384
2.325 -0.0901527 0 0.00398384
2.33 -0.0901527 0 0.00398384
2.335 -0.0901527 0 0.00398384
2.34 -0.0901527 0 0.00398384
2.345 -0.0901527 0 0.00398384
2.35 -0.0901527 0 0.00398384
2.355 -0.0901527 0 0.00398384
2.36 -0.0901527 0 0.00398384
2.365 -0.0901527 0 0.00398384
2.37 -0.0901527 0 0.00398384
2.375 -0.0901527 0 0.00398384
2.38 -0.0901527 0 0.00398384
2.385 -0.0901527 0 0.00398384
2.39 -0.0901527 0 0.00398384
2.395 -0.0901527 0 0.00398384
2.4 -0.0901527 0 0.00398384
2.405 -0.0901527 0 0.00398384
2.41 -0.0901527 0 0.00398384
2.415 -0.0901527 0 0.00398384
2.42 -0.0901527 0 0.00398384
2.425 -0.0901527 0 0.00398384
2.43 -0.0901527 0 0.00398384
2.435 -0.0901527 0 0.00398384
2.44 -0.0901527 0 0.00398384
2.445 -0.0901527 0 0.00398384
2.45 -0.0901527 0 0.00398384
2.455 -0.0901527 0 0.00398384
2.46 -0.0901527 0 0.00398384
2.465 -0.0901527 0 0.00398384
2.47 -0.0901527 0 0.00398384
2.475 -0.0901527 0 0.00398384
2.48 -0.0901527 0 0.00398384
2.485 -0.0901527 0 0.00398384
2.49 -0.0901527 0 0.00398384
2.495 -0.0901527 0 0.00398384
2.5 -0.0901527 0 0.00398384
2.505 -0.0901527 0 0.00398384
2.51 -0.0901527 0 0.00398384
2.515 -0.0901527 0 0.00398384
2.52 -0.0901527 0 0.00398384
2.525 -0.0901527 0 0.00398384
2.53 -0.0901527 0 0.00398384
2.535 -0.0901527 0 0.00398384
2.54 -0.0901527 0 0.00398384
2.545 -0.0901527 0 0.00398384
2.55 -0.0901527 0 0.00398384
2.555 -0.0901527 0 0.00398384
2.56 -0.0901527 0 0.00398384
2.565 -0.0901527 0 0.00398384
2.57 -0.0901527 0 0.00398384
2.575 -0.0901527 0 0.00398384
2.58 -0.0901527 0 0.00398384
2.585 -0.0901527 0 0.00398384
2.59 -0.0901527 0 0.00398384
2.595 -0.0901527 0 0.00398384
2.6 -0.0901527 0 0.00398384
2.605 -0.0901527 0 0.00398384
2.61 -0.0901527 0 0.00398384
2.615 -0.0901527 0 0.00398384
2.62 -0.0901527 0 0.00398384
2.625 -0.0901527 0 0.00398384
2.63 -0.0901527 0 0.00398384
2.635 -0.0901527 0 0.00398384
2.64 -0.0901527 0 0.00398384
2.645 -0.0901527 0 0.00398384
2.65 -0.0901527 0 0.00398384
2.655 -0.0901527 0 0.00398384
2.66 -0.0901527 0 0.00398384
2.665 -0.0901527 0 0.00398384
2.67 -0.0901527 0 0.00398384
2.675 -0.0901527 0 0.00398384
2.68 -0.0901527 0 0.00398384
2.685 -0.0901527 0 0.00398384
2.69 -0.0901527 0 0.00398384
2.695 -0.0901527 0 0.00398384
2.7 -0.0901527 0 0.00398384
2.705 -0.0901527 0 0.00398384
2.71 -0.0901527 0 0.00398384
2.715 -0.0901527 0 0.00398384
2.72 -0.0901527 0 0.00398384
2.725 -0.0901527 0 0.00398384
2.73 -0.0901527 0 0.00398384
2.735 -0.0901527 0 0.00398384
2.74 -0.0901527 0 0.00398384
2.745 -0.0901527 0 0.00398384
2.75 -0.0901527 0 0.00398384
2.755 -0.0901527 0 0.00398384
2.76 -0.0901527 0 0.00398384
2.765 -0.0901527 0 0.00398384
2.77 -0.0901527 0 0.00398384
2.775 -0.0901527 0 0.00398384
2.78 -0.0901527 0 0.00398384
2.785 -0.0901527 0 0.00398384
2.79 -0.0901527 0 0.00398384
2.795 -0.0901527 0 0.00398384
2.8 -0.0901527 0 0.00398384
2.805 -0.0901527 0 0.00398384
2.81 -0.0901527 0 0.00398384
2.815 -0.0901527 0 0.00398384
2.82 -0.0901527 0 0.00398384
2.825 -0.0901527 0 0.00398384
2.83 -0.0901527 0 0.00398384
2.835 -0.0901527 0 0.00398384
2.84 -0.0901527 0 0.00398384
2.845 -0.0901527 0 0.00398384
2.85 -0.0901527 0 0.00398384
2.855 -0.0901527 0 0.00398384
2.86 -0.0901527 0 0.00398384
2.865 -0.0901527 0 0.00398384
2.87 -0.0901527 0 0.00398384
2.875 -0.0901527 0 0.00398384
2.88 -0.0901527 0 0.00398384
2.885 -0.0901527 0 0.00398384
2.89 -0.0901527 0 0.00398384
2.895 -0.0901527 0 0.00398384
2.9 -0.0901527 0 0.00398384
2.905 -0.0901527 0 0.00398384
2.91 -0.0901527 0 0.00398384
2.915 -0.0901527 0 0.00398384
2.92 -0.0901527 0 0.00398384
2.925 -0.0901527 0 0.00398384
2.93 -0.0901527 0 0.00398384
2.935 -0.0901527 0 0.00398384
2.94 -0.0901527 0 0.00398384
2.945 -0.0901527 0 0.00398384
2.95 -0.0901527 0 0.00398384
2.955 -0.0901527 0 0.00398384
2.96 -0.0901527 0 0.00398384
2.965 -0.0901527 0 0.00398384
2.97 -0.0901527 0 0.00398384
2.975 -0.0901527 0 0.00398384
2.98 -0.0901527 0 0.00398384
2.985 -0.0901527 0 0.00398384
2.99 -0.0901527 0 0.00398384
2.995 -0.0901527 0 0.00398384
3 -0.0901527 0 0.00398384
3.005 -0.0901527 0 0.00398384
3.01 -0.0901527 0 0.00398384
3.015 -0.0901527 0 0.00398384
3.02 -0.0901527 0 0.00398384
3.025 -0.0901527 0 0.00398384
3.03 -0.0901527 0 0.00398384
3.035 -0.0901527 0 0.00398384
3.04 -0.0901527 0 0.00398384
3.045 -0.0901527 0 0.00398384
3.05 -0.0901527 0 0.00398384
3.055 -0.0901527 0 0.00398384
3.06 -0.0901527 0 0.00398384
3.065 -0.0901527 0 0.00398384
3.07 -0.0901527 0 0.00398384
3.075 -0.0901527 0 0.00398384
3.08 -0.0901527 0 0.00398384
3.085 -0.0901527 0 0.00398384
3.09 -0.0901527 0 0.00398384
3.095 -0.0901527 0 0.00398384
3.1 -0.0901527 0 0.00398384
3.105 -0.0901527 0 0.00398384
3.11 -0.0901527 0 0.00398384
3.115 -0.0901527 0 0.00398384
3.12 -0.0901527 0 0.00398384
3.125 -0.0901527 0 0.00398384
3.13 -0.0901527 0 0.00398384
3.135 -0.0901527 0 0.00398384
3.14 -0.0901527 0 0.00398384
3.145 -0.0901527 0 0.00398384
3.15 -0.0901527 0 0.00398384
3.155 -0.0901527 0 0.00398384
3.16 -0.0901527 0 0.00398384
3.165 -0.0901527 0 0.00398384
3.17 -0.0901527 0 0.00398384
3.175 -0.0901527 0 0.00398384
3.18 -0.0901527 0 0.00398384
3.185 -0.0901527 0 0.00398384
3.19 -0.0901527 0 0.00398384
3.195 -0.0901527 0 0.00398384
3.2 -0.0901527 0 0.00398384
3.205 -0.0901527 0 0.00398384
3.21 -0.0901527 0 0.00398384
3.215 -0.0901527 0 0.00398384
3.22 -0.0901527 0 0.00398384
3.225 -0.0901527 0 0.00398384
3.23 -0.0901527 0 0.00398384
3.235 -0.0901527 0 0.00398384
3.24 -0.0901527 0 0.00398384
3.245 -0.0901527 0 0.00398384
3.25 -0.0901527 0 0.00398384
3.255 -0.0901527 0 0.00398384
3.26 -0.0901527 0 0.00398384
3.265 -0.0901527 0 0.00398384
3.27 -0.0901527 0 0.00398384
3.275 -0.0901527 0 0.00398384
3.28 -0.0901527 0 0.00398384
3.285 -0.0901527 0 0.00398384
3.29 -0.0901527 0 0.00398384
3.295 -0.0901527 0 0.00398384
3.3 -0.0901527 0 0.00398384
3.305 -0.0901527 0 0.00398384
3.31 -0.0901527 0 0.00398384
3.315 -0.0901527 0 0.00398384
3.32 -0.0901527 0 0.00398384
3.325 -0.0901527 0 0.00398384
3.33 -0.0901527 0 0.00398384
3.335 -0.0901527 0 0.00398384
3.34 -0.0901527 0 0.00398384
3.345 -0.0901527 0 0.00398384
3.35 -0.0901527 0 0.00398384
3.355 -0.0901527 0 0.00398384
3.36 -0.0901527 0 0.00398384
3.365 -0.0901527 0 0.00398384
3.37 -0.0901527 0 0.00398384
3.375 -0.0901527 0 0.00398384
3.38 -0.0901527 0 0.00398384
3.385 -0.0901527 0 0.00398384
3.39 -0.0901527 0 0.00398384
3.395 -0.0901527 0 0.00398384
3.4 -0.0901527 0 0.00398384
3.405 -0.0901527 0 0.00398384
3.41 -0.0901527 0 0.00398384
3.415 -0.0901527 0 0.00398384
3.42 -0.0901527 0 0.00398384
3.425 -0.0901527 0 0.00398384
3.43 -0.0901527 0 0.00398384
3.435 -0.0901527 0 0.00398384
3.44 -0.0901527 0 0.00398384
3.445 -0.0901527 0 0.00398384
3.45 -0.0901527 0 0.00398384
3.455 -0.0901527 0 0.00398384
3.46 -0.0901527 0 0.00398384
3.465 -0.0901527 0 0.00398384
3.47 -0.0901527 0 0.00398384
3.475 -0.0901527 0 0.00398384
3.48 -0.0901527 0 0.00398384
3.485 -0.0901527 0 0.00398384
3.49 -0.0901527 0 0.00398384
3.495 -0.0901527 0 0.00398384
3.5 -0.0901527 0 0.00398384
3.505 -0.0901527 0 0.00398384
3.51 -0.0901527 0 0.00398384
3.515 -0.0901527 0 0.00398384
3.52 -0.0901527 0 0.00398384
3.525 -0.0901527 0 0.00398384
3.53 -0.0901527 0 0.00398384
3.535 -0.0901527 0 0.00398384
3.54 -0.0901527 0 0.00398384
3.545 -0.0901527 0 0.00398384
3.55 -0.0901527 0 0.00398384
3.555 -0.0901527 0 0.00398384
3.56 -0.0901527 0 0.00398384
3.565 -0.0901527 0 0.00398384
3.57 -0.0901527 0 0.00398384
3.575 -0.0901527 0 0.00398384
3.58 -0.0901527 0 0.00398384
3.585 -0.0901527 0 0.00398384
3.59 -0.0901527 0 0.00398384
3.595 -0.0901527 0 0.00398384
3.6 -0.0901527 0 0.00398384
3.605 -0.0901527 0 0.00398384
3.61 -0.0901527 0 0.00398384
3.615 -0.0901527 0 0.00398384
3.62 -0.0901527 0 0.00398384
3.625 -0.0901527 0 0.00398384
3.63 -0.0901527 0 0.00398384
3.635 -0.0901527 0 0.00398384
3.64 -0.0901527 0 0.00398384
3.645 -0.0901527 0 0.00398384
3.65 -0.0901527 0 0.00398384
3.655 -0.0901527 0 0.00398384
3.66 -0.0901527 0 0.00398384
3.665 -0.0901527 0 0.00398384
3.67 -0.0901527 0 0.00398384
3.675 -0.0901527 0 0.00398384
3.68 -0.0901527 0 0.00398384
3.685 -0.0901527 0 0.00398384
3.69 -0.0901527 0 0.00398384
3.695 -0.0901527 0 0.00398384
3.7 -0.0901527 0 0.00398384
3.705 -0.0901527 0 0.00398384
3.71 -0.0901527 0 0.00398384
3.715 -0.0901527 0 0.00398384
3.72 -0.0901527 0 0.00398384
3.725 -0.0901527 0 0.00398384
3.73 -0.0901527 0 0.00398384
3.735 -0.0901527 0 0.00398384
3.74 -0.0901527 0 0.00398384
3.745 -0.0901527 0 0.00398384
3.75 -0.0901527 0 0.00398384
3.755 -0.0901527 0 0.00398384
3.76 -0.0901527 0 0.00398384
3.765 -0.0901527 0 0.00398384
3.77 -0.0901527 0 0.00398384
3.775 -0.0901527 0 0.00398384
3.78 -0.0901527 0 0.00398384
3.785 -0.0901527 0 0.00398384
3.79 -0.0901527 0 0.00398384
3.795 -0.0901527 0 0.00398384
3.8 -0.0901527 0 0.00398384
3.805 -0.0901527 0 0.00398384
3.81 -0.0901527 0 0.00398384
3.815 -0.0901527 0 0.00398384
3.82 -0.0901527 0 0.00398384
3.825 -0.0901527 0 0.00398384
3.83 -0.0901527 0 0.00398384
3.835 -0.0901527 0 0.00398384
3.84 -0.0901527 0 0.00398384
3.845 -0.0901527 0 0.00398384
3.85 -0.0901527 0 0.00398384
3.855 -0.0901527 0 0.00398384
3.86 -0.0901527 0 0.00398384
3.865 -0.0901527 0 0.00398384
3.87 -0.0901527 0 0.00398384
3.875 -0.0901527 0 0.00398384
3.88 -0.0901527 0 0.00398384
3.885 -0.0901527 0 0.00398384
3.89 -0.0901527 0 0.00398384
3.895 -0.0901527 0 0.00398384
3.9 -0.0901527 0 0.00398384
3.905 -0.0901527 0 0.00398384
3.91 -0.0901527 0 0.00398384
3.915 -0.0901527 0 0.00398384
3.92 -0.0901527 0 0.00398384
3.925 -0.0901527 0 0.00398384
3.93 -0.0901527 0 0.00398384
3.935 -0.0901527 0 0.00398384
3.94 -0.0901527 0 0.00398384
3.945 -0.0901527 0 0.00398384
3.95 -0.0901527 0 0.00398384
3.955 -0.0901527 0 0.00398384
3.96 -0.0901527 0 0.00398384
3.965 -0.0901527 0 0.00398384
3.97 -0.0901527 0 0.00398384
3.975 -0.0901527 0 0.00398384
3.98 -0.0901527 0 0.00398384
3.985 -0.0901527 0 0.00398384
3.99 -0.0901527 0 0.00398384
3.995 -0.0901527 0 0.00398384
4 -0.0901527 0 0.00398384
4.005 -0.0901527 0 0.00398384
4.01 -0.0901527 0 0.00398384
4.015 -0.0901527 0 0.00398384
4.02 -0.0901527 0 0.00398384
4.025 -0.0901527 0 0.00398384
4.03 -0.0901527 0 0.00398384
4.035 -0.0901527 0 0.00398384
4.04 -0.0901527 0 0.00398384
4.045 -0.0901527 0 0.00398384
4.05 -0.0901527 0 0.00398384
4.055 -0.0901527 0 0.00398384
4.06 -0.0901527 0 0.00398384
4.065 -0.0901527 0 0.00398384
4.07 -0.0901527 0 0.00398384
4.075 -0.0901527 0 0.00398384
4.08 -0.0901527 0 0.00398384
4.085 -0.0901527 0 0.00398384
4.09 -0.0901527 0 0.00398384
4.095 -0.0901527 0 0.00398384
4.1 -0.0901527 0 0.00398384
4.105 -0.0901527 0 0.00398384
4.11 -0.0901527 0 0.00398384
4.115 -0.0901527 0 0.00398384
4.12 -0.0901527 0 0.00398384
4.125 -0.0901527 0 0.00398384
4.13 -0.0901527 0 0.00398384
4.135 -0.0901527 0 0.00398384
4.14 -0.0901527 0 0.00398384
4.145 -0.0901527 0 0.00398384
4.15 -0.0901527 0 0.00398384
4.155 -0.0901527 0 0.00398384
4.16 -0.0901527 0 0.00398384
4.165 -0.0901527 0 0.00398384
4.17 -0.0901527 0 0.00398384
4.175 -0.0901527 0 0.00398384
4.18 -0.0901527 0 0.00398384
4.185 -0.0901527 0 0.00398384
4.19 -0.0901527 0 0.00398384
4.195 -0.0901527 0 0.00398384
4.2 -0.0901527 0 0.00398384
4.205 -0.0901527 0 0.00398384
4.21 -0.0901527 0 0.00398384
4.215 -0.0901527 0 0.00398384
4.22 -0.0901527 0 0.00398384
4.225 -0.0901527 0 0.00398384
4.23 -0.0901527 0 0.00398384
4.235 -0.0901527 0 0.00398384
4.24 -0.0901527 0 0.00398384
4.245 -0.0901527 0 0.00398384
4.25 -0.0901527 0 0.00398384
4.255 -0.0901527 0 0.00398384
4.26 -0.0901527 0 0.00398384
4.265 -0.0901527 0 0.00398384
4.27 -0.0901527 0 0.00398384
4.275 -0.0901527 0 0.00398384
4.28 -0.0901527 0 0.00398384
4.285 -0.0901527 0 0.00398384
4.29 -0.0901527 0 0.00398384
4.295 -0.0901527 0 0.00398384
4.3 -0.0901527 0 0.00398384
4.305 -0.0901527 0 0.00398384
4.31 -0.0901527 0 0.00398384
4.315 -0.0901527 0 0.00398384
4.32 -0.0901527 0 0.00398384
4.325 -0.0901527 0 0.00398384
4.33 -0.0901527 0 0.00398384
4.335 -0.0901527 0 0.00398384
4.34 -0.0901527 0 0.00398384
4.345 -0.0901527 0 0.00398384
4.35 -0.0901527 0 0.00398384
4.355 -0.0901527 0 0.00398384
4.36 -0.0901527 0 0.00398384
4.365 -0.0901527 0 0.00398384
4.37 -0.0901527 0 0.00398384
4.375 -0.0901527 0 0.00398384
4.38 -0.0901527 0 0.00398384
4.385 -0.0901527 0 0.00398384
4.39 -0.0901527 0 0.00398384
4.395 -0.0901527 0 0.00398384
4.4 -0.0901527 0 0.00398384
4.405 -0.0901527 0 0.00398384
4.41 -0.0901527 0 0.00398384
4.415 -0.0901527 0 0.00398384
4.42 -0.0901527 0 0.00398384
4.425 -0.0901527 0 0.00398384
4.43 -0.0901527 0 0.00398384
4.435 -0.0901527 0 0.00398384
4.44 -0.0901527 0 0.00398384
4.445 -0.0901527 0 0.00398384
4.45 -0.0901527 0 0.00398384
4.455 -0.0901527 0 0.00398384
4.46 -0.0901527 0 0.00398384
4.465 -0.0901527 0 0.00398384
4.47 -0.0901527 0 0.00398384
4.475 -0.0901527 0 0.00398384
4.48 -0.0901527 0 0.00398384
4.485 -0.0901527 0 0.00398384
4.49 -0.0901527 0 0.00398384
4.495 -0.0901527 0 0.00398384
4.5 -0.0901527 0 0.00398384
4.505 -0.0901527 0 0.00398384
4.51 -0.0901527 0 0.00398384
4.515 -0.0901527 0 0.00398384
4.52 -0.0901527 0 0.00398384
4.525 -0.0901527 0 0.00398384
4.53 -0.0901527 0 0.00398384
4.535 -0.0901527 0 0.00398384
4.54 -0.0901527 0 0.00398384
4.545 -0.0901527 0 0.00398384
4.55 -0.0901527 0 0.00398384
4.555 -0.0901527 0 0.00398384
4.56 -0.0901527 0 0.00398384
4.565 -0.0901527 0 0.00398384
4.57 -0.0901527 0 0.00398384
4.575 -0.0901527 0 0.00398384
4.58 -0.0901527 0 0.00398384
4.585 -0.0901527 0 0.00398384
4.59 -0.0901527 0 0.00398384
4.595 -0.0901527 0 0.00398384
4.6 -0.0901527 0 0.00398384
4.605 -0.0901527 0 0.00398384
4.61 -0.0901527 0 0.00398384
4.615 -0.0901527 0 0.00398384
4.62 -0.0901527 0 0.00398384
4.625 -0.0901527 0 0.00398384
4.63 -0.0901527 0 0.00398384
4.635 -0.0901527 0 0.00398384
4.64 -0.0901527 0 0.00398384
4.645 -0.0901527 0 0.00398384
4.65 -0.0901527 0 0.00398384
4.655 -0.0901527 0 0.00398384
4.66 -0.0901527 0 0.00398384
4.665 -0.0901527 0 0.00398384
4.67 -0.0901527 0 0.00398384
4.675 -0.0901527 0 0.00398384
4.68 -0.0901527 0 0.00398384
4.685 -0.0901527 0 0.00398384
4.69 -0.0901527 0 0.00398384
4.695 -0.0901527 0 0.00398384
4.7 -0.0901527 0 0.00398384
4.705 -0.0901527 0 0.00398384
4.71 -0.0901527 0 0.00398384
4.715 -0.0901527 0 0.00398384
4.72 -0.0901527 0 0.00398384
4.725 -0.0901527 0 0.00398384
4.73 -0.0901527 0 0.00398384
4.735 -0.0901527 0 0.00398384
4.74 -0.0901527 0 0.00398384
4.745 -0.0901527 0 0.00398384
4.75 -0.0901527 0 0.00398384
4.755 -0.0901527 0 0.00398384
4.76 -0.0901527 0 0.00398384
4.765 -0.0901527 0 0.00398384
4.77 -0.0901527 0 0.00398384
4.775 -0.0901527 0 0.00398384
4.78 -0.0901527 0 0.00398384
4.785 -0.0901527 0 0.00398384
4.79 -0.0901527 0 0.00398384
4.795 -0.0901527 0 0.00398384
4.8 -0.0901527 0 0.00398384
4.805 -0.0901527 0 0.00398384
4.81 -0.0901527 0 0.00398384
4.815 -0.0901527 0 0.00398384
4.82 -0.0901527 0 0.00398384
4.825 -0.0901527 0 0.00398384
4.83 -0.0901527 0 0.00398384
4.835 -0.0901527 0 0.00398384
4.84 -0.0901527 0 0.00398384
4.845 -0.0901527 0 0.00398384
4.85 -0.0901527 0 0.00398384
4.855 -0.0901527 0 0.00398384
4.86 -0.0901527 0 0.00398384
4.865 -0.0901527 0 0.00398384
4.87 -0.0901527 0 0.00398384
4.875 -0.0901527 0 0.00398384
4.88 -0.0901527 0 0.00398384
4.885 -0.0901527 0 0.00398384
4.89 -0.0901527 0 0.00398384
4.895 -0.0901527 0 0.00398384
4.9 -0.0901527 0 0.00398384
4.905 -0.0901527 0 0.00398384
4.91 -0.0901527 0 0.00398384
4.915 -0.0901527 0 0.00398384
4.92 -0.0901527 0 0.00398384
4.925 -0.0901527 0 0.00398384
4.93 -0.0901527 0 0.00398384
4.935 -0.0901527 0 0.00398384
4.94 -0.0901527 0 0.00398384
4.945 -0.0901527 0 0.00398384
4.95 -0.0901527 0 0.00398384
4.955 -0.0901527 0 0.00398384
4.96 -0.0901527 0 0.00398384
4.965 -0.0901527 0 0.00398384
4.97 -0.0901527 0 0.00398384
4.975 -0.0901527 0 0.00398384
4.98 -0.0901527 0 0.00398384
4.985 -0.0901527 0 0.00398384
4.99 -0.0901527 0 0.00398384
4.995 -0.0901527 0 0.00398384
5 -0.0901527 0 0.00398384
5.005 -0.0901527 0 0.00398384
5.01 -0.0901527 0 0.00398384
5.015 -0.0901527 0 0.00398384
5.02 -0.0901527 0 0.00398384
5.025 -0.0901527 0 0.00398384
5.03 -0.0901527 0 0.00398384
5.035 -0.0901527 0 0.00398384
5.04 -0.0901527 0 0.00398384
5.045 -0.0901527 0 0.00398384
5.05 -0.0901527 0 0.00398384
5.055 -0.0901527 0 0.00398384
5.06 -0.0901527 0 0.00398384
5.065 -0.0901527 0 0.00398384
5.07 -0.0901527 0 0.00398384
5.075 -0.0901527 0 0.00398384
5.08 -0.0901527 0 0.00398384
5.085 -0.0901527 0 0.00398384
5.09 -0.0901527 0 0.00398384
5.095 -0.0901527 0 0.00398384
5.1 -0.0901527 0 0.00398384
5.105 -0.0901527 0 0.00398384
5.11 -0.0901527 0 0.00398384
5.115 -0.0901527 0 0.00398384
5.12 -0.0901527 0 0.00398384
5.125 -0.0901527 0 0.00398384
5.13 -0.0901527 0 0.00398384
5.135 -0.0901527 0 0.00398384
5.14 -0.0901527 0 0.00398384
5.145 -0.0901527 0 0.00398384
5.15 -0.0901527 0 0.00398384
5.155 -0.0901527 0 0.00398384
5.16 -0.0901527 0 0.00398384
5.165 -0.0901527 0 0.00398384
5.17 -0.0901527 0 0.00398384
5.175 -0.0901527 0 0.00398384
5.18 -0.0901527 0 0.00398384
5.185 -0.0901527 0 0.00398384
5.19 -0.0901527 0 0.00398384
5.195 -0.0901527 0 0.00398384
5.2 -0.0901527 0 0.00398384
5.205 -0.0901527 0 0.00398384
5.21 -0.0901527 0 0.00398384
5.215 -0.0901527 0 0.00398384
5.22 -0.0901527 0 0.00398384
5.225 -0.0901527 0 0.00398384
5.23 -0.0901527 0 0.00398384
5.235 -0.0901527 0 0.00398384
5.24 -0.0901527 0 0.00398384
5.245 -0.0901527 0 0.00398384
5.25 -0.0901527 0 0.00398384
5.255 -0.0901527 0 0.00398384
5.26 -0.0901527 0 0.00398384
5.265 -0.0901527 0 0.00398384
5.27 -0.0901527 0 0.00398384
5.275 -0.0901527 0 0.00398384
5.28 -0.0901527 0 0.00398384
5.285 -0.0901527 0 0.00398384
5.29 -0.0901527 0 0.00398384
5.295 -0.0901527 0 0.00398384
5.3 -0.0901527 0 0.00398384
5.305 -0.0901527 0 0.00398384
5.31 -0.0901527 0 0.00398384
5.315 -0.0901527 0 0.00398384
5.32 -0.0901527 0 0.00398384
5.325 -0.0901527 0 0.00398384
5.33 -0.0901527 0 0.00398384
5.335 -0.0901527 0 0.00398384
5.34 -0.0901527 0 0.00398384
5.345 -0.0901527 0 0.00398384
5.35 -0.0901527 0 0.00398384
5.355 -0.0901527 0 0.00398384
5.36 -0.0901527 0 0.00398384
5.365 -0.0901527 0 0.00398384
5.37 -0.0901527 0 0.00398384
5.375 -0.0901527 0 0.00398384
5.38 -0.0901527 0 0.00398384
5.385 -0.0901527 0 0.00398384
5.39 -0.0901527 0 0.00398384
5.395 -0.0901527 0 0.00398384
5.4 -0.0901527 0 0.00398384
5.405 -0.0901527 0 0.00398384
5.41 -0.0901527 0 0.00398384
5.415 -0.0901527 0 0.00398384
5.42 -0.0901527 0 0.00398384
5.425 -0.0901527 0 0.00398384
5.43 -0.0901527 0 0.00398384
5.435 -0.0901527 0 0.00398384
5.44 -0.0901527 0 0.00398384
5.445 -0.0901527 0 0.00398384
5.45 -0.0901527 0 0.00398384
5.455 -0.0901527 0 0.00398384
5.46 -0.0901527 0 0.00398384
5.465 -0.0901527 0 0.00398384
5.47 -0.0901527 0 0.00398384
5.475 -0.0901527 0 0.00398384
5.48 -0.0901527 0 0.00398384
5.485 -0.0901527 0 0.00398384
5.49 -0.0901527 0 0.00398384
5.495 -0.0901527 0 0.00398384
5.5 -0.0901527 0 0.00398384
5.505 -0.0901527 0 0.00398384
5.51 -0.0901527 0 0.00398384
5.515 -0.0901527 0 0.00398384
5.52 -0.0901527 0 0.00398384
5.525 -0.0901527 0 0.00398384
5.53 -0.0901527 0 0.00398384
5.535 -0.0901527 0 0.00398384
5.54 -0.0901527 0 0.00398384
5.545 -0.0901527 0 0.00398384
5.55 -0.0901527 0 0.00398384
5.555 -0.0901527 0 0.00398384
5.56 -0.0901527 0 0.00398384
5.565 -0.0901527 0 0.00398384
5.57 -0.0901527 0 0.00398384
5.575 -0.0901527 0 0.00398384
5.58 -0.0901527 0 0.00398384
5.585 -0.0901527 0 0.00398384
5.59 -0.0901527 0 0.00398384
5.595 -0.0901527 0 0.00398384
5.6 -0.0901527 0 0.00398384
5.605 -0.0901527 0 0.00398384
5.61 -0.0901527 0 0.00398384
5.615 -0.0901527 0 0.00398384
5.62 -0.0901527 0 0.00398384
5.625 -0.0901527 0 0.00398384
5.63 -0.0901527 0 0.00398384
5.635 -0.0901527 0 0.00398384
5.64 -0.0901527 0 0.00398384
5.645 -0.0901527 0 0.00398384
5.65 -0.0901527 0 0.00398384
5.655 -0.0901527 0 0.00398384
5.66 -0.0901527 0 0.00398384
5.665 -0.0901527 0 0.00398384
5.67 -0.0901527 0 0.00398384
5.675 -0.0901527 0 0.00398384
5.68 -0.0901527 0 0.00398384
5.685 -0.0901527 0 0.00398384
5.69 -0.0901527 0 0.00398384
5.695 -0.0901527 0 0.00398384
5.7 -0.0901527 0 0.00398384
5.705 -0.0901527 0 0.00398384
5.71 -0.0901527 0 0.00398384
5.715 -0.0901527 0 0.00398384
5.72 -0.0901527 0 0.00398384
5.725 -0.0901527 0 0.00398384
5.73 -0.0901527 0 0.00398384
5.735 -0.0901527 0 0.00398384
5.74 -0.0901527 0 0.00398384
5.745 -0.0901527 0 0.00398384
5.75 -0.0901527 0 0.00398384
5.755 -0.0901527 0 0.00398384
5.76 -0.0901527 0 0.00398384
5.765 -0.0901527 0 0.00398384
5.77 -0.0901527 0 0.00398384
5.775 -0.0901527 0 0.00398384
5.78 -0.0901527 0 0.00398384
5.785 -0.0901527 0 0.00398384
5.79 -0.0901527 0 0.00398384
5.795 -0.0901527 0 0.00398384
5.8 -0.0901527 0 0.00398384
5.805 -0.0901527 0 0.00398384
5.81 -0.0901527 0 0.00398384
5.815 -0.0901527 0 0.00398384
5.82 -0.0901527 0 0.00398384
5.825 -0.0901527 0 0.00398384
5.83 -0.0901527 0 0.00398384
5.835 -0.0901527 0 0.00398384
5.84 -0.0901527 0 0.00398384
5.845 -0.0901527 0 0.00398384
5.85 -0.0901527 0 0.00398384
5.855 -0.0901527 0 0.00398384
5.86 -0.0901527 0 0.00398384
5.865 -0.0901527 0 0.00398384
5.87 -0.0901527 0 0.00398384
5.875 -0.0901527 0 0.00398384
5.88 -0.0901527 0 0.00398384
5.885 -0.0901527 0 0.00398384
5.89 -0.0901527 0 0.00398384
5.895 -0.0901527 0 0.00398384
5.9 -0.0901527 0 0.00398384
5.905 -0.0901527 0 0.00398384
5.91 -0.0901527 0 0.00398384
5.915 -0.0901527 0 0.00398384
5.92 -0.0901527 0 0.00398384
5.925 -0.0901527 0 0.00398384
5.93 -0.0901527 0 0.00398384
5.935 -0.0901527 0 0.00398384
5.94 -0.0901527 0 0.00398384
5.945 -0.0901527 0 0.00398384
5.95 -0.0901527 0 0.00398384
5.955 -0.0901527 0 0.00398384
5.96 -0.0901527 0 0.00398384
5.965 -0.0901527 0 0.00398384
5.97 -0.0901527 0 0.00398384
5.975 -0.0901527 0 0.00398384
5.98 -0.0901527 0 0.00398384
5.985 -0.0901527 0 0.00398384
5.99 -0.0901527 0 0.00398384
5.995 -0.0901527 0 0.00398384
6 -0.0901527 0 0.00398384
6.005 -0.0901527 0 0.00398384
6.01 -0.0901527 0 0.00398384
6.015 -0.0901527 0 0.00398384
6.02 -0.0901527 0 0.00398384
6.025 -0.0901527 0 0.00398384
6.03 -0.0901527 0 0.00398384
6.035 -0.0901527 0 0.00398384
6.04 -0.0901527 0 0.00398384
6.045 -0.0901527 0 0.00398384
6.05 -0.0901527 0 0.00398384
6.055 -0.0901527 0 0.00398384
6.06 -0.0901527 0 0.00398384
6.065 -0.0901527 0 0.00398384
6.07 -0.0901527 0 0.00398384
6.075 -0.0901527 0 0.00398384
6.08 -0.0901527 0 0.00398384
6.085 -0.0901527 0 0.00398384
6.09 -0.0901527 0 0.00398384
6.095 -0.0901527 0 0.00398384
6.1 -0.0901527 0 0.00398384
6.105 -0.0901527 0 0.00398384
6.11 -0.0901527 0 0.00398384
6.115 -0.0901527 0 0.00398384
6.12 -0.0901527 0 0.00398384
6.125 -0.0901527 0 0.00398384
6.13 -0.0901527 0 0.00398384
6.135 -0.0901527 0 0.00398384
6.14 -0.0901527 0 0.00398384
6.145 -0.0901527 0 0.00398384
6.15 -0.0901527 0 0.00398384
6.155 -0.0901527 0 0.00398384
6.16 -0.0901527 0 0.00398384
6.165 -0.0901527 0 0.00398384
6.17 -0.0901527 0 0.00398384
6.175 -0.0901527 0 0.00398384
6.18 -0.0901527 0 0.00398384
6.185 -0.0901527 0 0.00398384
6.19 -0.0901527 0 0.00398384
6.195 -0.0901527 0 0.00398384
6.2 -0.0901527 0 0.00398384
6.205 -0.0901527 0 0.00398384
6.21 -0.0901527 0 0.00398384
6.215 -0.0901527 0 0.00398384
6.22 -0.0901527 0 0.00398384
6.225 -0.0901527 0 0.00398384
6.23 -0.0901527 0 0.00398384
6.235 -0.0901527 0 0.00398384
6.24 -0.0901527 0 0.00398384
6.245 -0.0901527 0 0.00398384
6.25 -0.0901527 0 0.00398384
6.255 -0.0901527 0 0.00398384
6.26 -0.0901527 0 0.00398384
6.265 -0.0901527 0 0.00398384
6.27 -0.0901527 0 0.00398384
6.275 -0.0901527 0 0.00398384
6.28 -0.0901527 0 0.00398384
6.285 -0.0901527 0 0.00398384
6.29 -0.0901527 0 0.00398384
6.295 -0.0901527 0 0.00398384
6.3 -0.0901527 0 0.00398384
6.305 -0.0901527 0 0.00398384
6.31 -0.0901527 0 0.00398384
6.315 -0.0901527 0 0.00398384
6.32 -0.0901527 0 0.00398384
6.325 -0.0901527 0 0.00398384
6.33 -0.0901527 0 0.00398384
6.335 -0.0901527 0 0.00398384
6.34 -0.0901527 0 0.00398384
6.345 -0.0901527 0 0.00398384
6.35 -0.0901527 0 0.00398384
6.355 -0.0901527 0 0.00398384
6.36 -0.0901527 0 0.00398384
6.365 -0.0901527 0 0.00398384
6.37 -0.0901527 0 0.00398384
6.375 -0.0901527 0 0.00398384
6.38 -0.0901527 0 0.00398384
6.385 -0.0901527 0 0.00398384
6.39 -0.0901527 0 0.00398384
6.395 -0.0901527 0 0.00398384
6.4 -0.0901527 0 0.00398384
6.405 -0.0901527 0 0.00398384
6.41 -0.0901527 0 0.00398384
6.415 -0.0901527 0 0.00398384
6.42 -0.0901527 0 0.00398384
6.425 -0.0901527 0 0.00398384
6.43 -0.0901527 0 0.00398384
6.435 -0.0901527 0 0.00398384
6.44 -0.0901527 0 0.00398384
6.445 -0.0901527 0 0.00398384
6.45 -0.0901527 0 0.00398384
6.455 -0.0901527 0 0.00398384
6.46 -0.0901527 0 0.00398384
6.465 -0.0901527 0 0.00398384
6.47 -0.0901527 0 0.00398384
6.475 -0.0901527 0 0.00398384
6.48 -0.0901527 0 0.00398384
6.485 -0.0901527 0 0.00398384
6.49 -0.0901527 0 0.00398384
6.495 -0.0901527 0 0.00398384
6.5 -0.0901527 0 0.00398384
6.505 -0.0901527 0 0.00398384
6.51 -0.0901527 0 0.00398384
6.515 -0.0901527 0 0.00398384
6.52 -0.0901527 0 0.00398384
6.525 -0.0901527 0 0.00398384
6.53 -0.0901527 0 0.00398384
6.535 -0.0901527 0 0.00398384
6.54 -0.0901527 0 0.00398384
6.545 -0.0901527 0 0.00398384
6.55 -0.0901527 0 0.00398384
6.555 -0.0901527 0 0.00398384
6.56 -0.0901527 0 0.00398384
6.565 -0.0901527 0 0.00398384
6.57 -0.0901527 0 0.00398384
6.575 -0.0901527 0 0.00398384
6.58 -0.0901527 0 0.00398384
6.585 -0.0901527 0 0.00398384
6.59 -0.0901527 0 0.00398384
6.595 -0.0901527 0 0.00398384
6.6 -0.0901527 0 0.00398384
6.605 -0.0901527 0 0.00398384
6.61 -0.0901527 0 0.00398384
6.615 -0.0901527 0 0.00398384
6.62 -0.0901527 0 0.00398384
6.625 -0.0901527 0 0.00398384
6.63 -0.0901527 0 0.00398384
6.635 -0.0901527 0 0.00398384
6.64 -0.0901527 0 0.00398384
6.645 -0.0901527 0 0.00398384
6.65 -0.0901527 0 0.00398384
6.655 -0.0901527 0 0.00398384
6.66 -0.0901527 0 0.00398384
6.665 -0.0901527 0 0.00398384
6.67 -0.0901527 0 0.00398384
6.675 -0.0901527 0 0.00398384
6.68 -0.0901527 0 0.00398384
6.685 -0.0901527 0 0.00398384
6.69 -0.0901527 0 0.00398384
6.695 -0.0901527 0 0.00398384
6.7 -0.0901527 0 0.00398384
6.705 -0.0901527 0 0.00398384
6.71 -0.0901527 0 0.00398384
6.715 -0.0901527 0 0.00398384
6.72 -0.0901527 0 0.00398384
6.725 -0.0901527 0 0.00398384
6.73 -0.0901527 0 0.00398384
6.735 -0.0901527 0 0.00398384
6.74 -0.0901527 0 0.00398384
6.745 -0.0901527 0 0.00398384
6.75 -0.0901527 0 0.00398384
6.755 -0.0901527 0 0.00398384
6.76 -0.0901527 0 0.00398384
6.765 -0.0901527 0 0.00398384
6.77 -0.0901527 0 0.00398384
6.775 -0.0901527 0 0.00398384
6.78 -0.0901527 0 0.00398384
6.785 -0.0901527 0 0.00398384
6.79 -0.0901527 0 0.00398384
6.795 -0.0901527 0 0.00398384
6.8 -0.0901527 0 0.00398384
6.805 -0.0901527 0 0.00398384
6.81 -0.0901527 0 0.00398384
6.815 -0.0901527 0 0.00398384
6.82 -0.0901527 0 0.00398384
6.825 -0.0901527 0 0.00398384
6.83 -0.0901527 0 0.00398384
6.835 -0.0901527 0 0.00398384
6.84 -0.0901527 0 0.00398384
6.845 -0.0901527 0 0.00398384
6.85 -0.0901527 0 0.00398384
6.855 -0.0901527 0 0.00398384
6.86 -0.0901527 0 0.00398384
6.865 -0.0901527 0 0.00398384
6.87 -0.0901527 0 0.00398384
6.875 -0.0901527 0 0.00398384
6.88 -0.0901527 0 0.00398384
6.885 -0.0901527 0 0.00398384
6.89 -0.0901527 0 0.00398384
6.895 -0.0901527 0 0.00398384
6.9 -0.0901527 0 0.00398384
6.905 -0.0901527 0 0.00398384
6.91 -0.0901527 0 0.00398384
6.915 -0.0901527 0 0.00398384
6.92 -0.0901527 0 0.00398384
6.925 -0.0901527 0 0.00398384
6.93 -0.0901527 0 0.00398384
6.935 -0.0901527 0 0.00398384
6.94 -0.0901527 0 0.00398384
6.945 -0.0901527 0 0.00398384
6.95 -0.0901527 0 0.00398384
6.955 -0.0901527 0 0.00398384
6.96 -0.0901527 0 0.00398384
6.965 -0.0901527 0 0.00398384
6.97 -0.0901527 0 0.00398384
6.975 -0.0901527 0 0.00398384
6.98 -0.0901527 0 0.00398384
6.985 -0.0901527 0 0.00398384
6.99 -0.0901527 0 0.00398384
6.995 -0.0901527 0 0.00398384
7 -0.0901527 0 0.00398384
7.005 -0.0901527 0 0.00398384
7.01 -0.0901527 0 0.00398384
7.015 -0.0901527 0 0.00398384
7.02 -0.0901527 0 0.00398384
7.025 -0.0901527 0 0.00398384
7.03 -0.0901527 0 0.00398384
7.035 -0.0901527 0 0.00398384
7.04 -0.0901527 0 0.00398384
7.045 -0.0901527 0 0.00398384
7.05 -0.0901527 0 0.00398384
7.055 -0.0901527 0 0.00398384
7.06 -0.0901527 0 0.00398384
7.065 -0.0901527 0 0.00398384
7.07 -0.0901527 0 0.00398384
7.075 -0.0901527 0 0.00398384
7.08 -0.0901527 0 0.00398384
7.085 -0.0901527 0 0.00398384
7.09 -0.0901527 0 0.00398384
7.095 -0.0901527 0 0.00398384
7.1 -0.0901527 0 0.00398384
7.105 -0.0901527 0 0.00398384
7.11 -0.0901527 0 0.00398384
7.115 -0.0901527 0 0.00398384
7.12 -0.0901527 0 0.00398384
7.125 -0.0901527 0 0.00398384
7.13 -0.0901527 0 0.00398384
7.135 -0.0901527 0 0.00398384
7.14 -0.0901527 0 0.00398384
7.145 -0.0901527 0 0.00398384
7.15 -0.0901527 0 0.00398384
7.155 -0.0901527 0 0.00398384
7.16 -0.0901527 0 0.00398384
7.165 -0.0901527 0 0.00398384
7.17 -0.0901527 0 0.00398384
7.175 -0.0901527 0 0.00398384
7.18 -0.0901527 0 0.00398384
7.185 -0.0901527 0 0.00398384
7.19 -0.0901527 0 0.00398384
7.195 -0.0901527 0 0.00398384
7.2 -0.0901527 0 0.00398384
7.205 -0.0901527 0 0.00398384
7.21 -0.0901527 0 0.00398384
7.215 -0.0901527 0 0.00398384
7.22 -0.0901527 0 0.00398384
7.225 -0.0901527 0 0.00398384
7.23 -0.0901527 0 0.00398384
7.235 -0.0901527 0 0.00398384
7.24 -0.0901527 0 0.00398384
7.245 -0.0901527 0 0.00398384
7.25 -0.0901527 0 0.00398384
7.255 -0.0901527 0 0.00398384
7.26 -0.0901527 0 0.00398384
7.265 -0.0901527 0 0.00398384
7.27 -0.0901527 0 0.00398384
7.275 -0.0901527 0 0.00398384
7.28 -0.0901527 0 0.00398384
7.285 -0.0901527 0 0.00398384
7.29 -0.0901527 0 0.00398384
7.295 -0.0901527 0 0.00398384
7.3 -0.0901527 0 0.00398384
7.305 -0.0901527 0 0.00398384
7.31 -0.0901527 0 0.00398384
7.315 -0.0901527 0 0.00398384
7.32 -0.0901527 0 0.00398384
7.325 -0.0901527 0 0.00398384
7.33 -0.0901527 0 0.00398384
7.335 -0.0901527 0 0.00398384
7.34 -0.0901527 0 0.00398384
7.345 -0.0901527 0 0.00398384
7.35 -0.0901527 0 0.00398384
7.355 -0.0901527 0 0.00398384
7.36 -0.0901527 0 0.00398384
7.365 -0.0901527 0 0.00398384
7.37 -0.0901527 0 0.00398384
7.375 -0.0901527 0 0.00398384
7.38 -0.0901527 0 0.00398384
7.385 -0.0901527 0 0.00398384
7.39 -0.0901527 0 0.00398384
7.395 -0.0901527 0 0.00398384
7.4 -0.0901527 0 0.00398384
7.405 -0.0901527 0 0.00398384
7.41 -0.0901527 0 0.00398384
7.415 -0.0901527 0 0.00398384
7.42 -0.0901527 0 0.00398384
7.425 -0.0901527 0 0.00398384
7.43 -0.0901527 0 0.00398384
7.435 -0.0901527 0 0.00398384
7.44 -0.0901527 0 0.00398384
7.445 -0.0901527 0 0.00398384
7.45 -0.0901527 0 0.00398384
7.455 -0.0901527 0 0.00398384
7.46 -0.0901527 0 0.00398384
7.465 -0.0901527 0 0.00398384
7.47 -0.0901527 0 0.00398384
7.475 -0.0901527 0 0.00398384
7.48 -0.0901527 0 0.00398384
7.485 -0.0901527 0 0.00398384
7.49 -0.0901527 0 0.00398384
7.495 -0.0901527 0 0.00398384
7.5 -0.0901527 0 0.00398384
7.505 -0.0901527 0 0.00398384
7.51 -0.0901527 0 0.00398384
7.515 -0.0901527 0 0.00398384
7.52 -0.0901527 0 0.00398384
7.525 -0.0901527 0 0.00398384
7.53 -0.0901527 0 0.00398384
7.535 -0.0901527 0 0.00398384
7.54 -0.0901527 0 0.00398384
7.545 -0.0901527 0 0.00398384
7.55 -0.0901527 0 0.00398384
7.555 -0.0901527 0 0.00398384
7.56 -0.0901527 0 0.00398384
7.565 -0.0901527 0 0.00398384
7.57 -0.0901527 0 0.00398384
7.575 -0.0901527 0 0.00398384
7.58 -0.0901527 0 0.00398384
7.585 -0.0901527 0 0.00398384
7.59 -0.0901527 0 0.00398384
7.595 -0.0901527 0 0.00398384
7.6 -0.0901527 0 0.00398384
7.605 -0.0901527 0 0.00398384
7.61 -0.0901527 0 0.00398384
7.615 -0.0901527 0 0.00398384
7.62 -0.0901527 0 0.00398384
7.625 -0.0901527 0 0.00398384
7.63 -0.0901527 0 0.00398384
7.635 -0.0901527 0 0.00398384
7.64 -0.0901527 0 0.00398384
7.645 -0.0901527 0 0.00398384
7.65 -0.0901527 0 0.00398384
7.655 -0.0901527 0 0.00398384
7.66 -0.0901527 0 0.00398384
7.665 -0.0901527 0 0.00398384
7.67 -0.0901527 0 0.00398384
7.675 -0.0901527 0 0.00398384
7.68 -0.0901527 0 0.00398384
7.685 -0.0901527 0 0.00398384
7.69 -0.0901527 0 0.00398384
7.695 -0.0901527 0 0.00398384
7.7 -0.0901527 0 0.00398384
7.705 -0.0901527 0 0.00398384
7.71 -0.0901527 0 0.00398384
7.715 -0.0901527 0 0.00398384
7.72 -0.0901527 0 0.00398384
7.725 -0.0901527 0 0.00398384
7.73 -0.0901527 0 0.00398384
7.735 -0.0901527 0 0.00398384
7.74 -0.0901527 0 0.00398384
7.745 -0.0901527 0 0.00398384
7.75 -0.0901527 0 0.00398384
7.755 -0.0901527 0 0.00398384
7.76 -0.0901527 0 0.00398384
7.765 -0.0901527 0 0.00398384
7.77 -0.0901527 0 0.00398384
7.775 -0.0901527 0 0.00398384
7.78 -0.0901527 0 0.00398384
7.785 -0.0901527 0 0.00398384
7.79 -0.0901527 0 0.00398384
7.795 -0.0901527 0 0.00398384
7.8 -0.0901527 0 0.00398384
7.805 -0.0901527 0 0.00398384
7.81 -0.0901527 0 0.00398384
7.815 -0.0901527 0 0.00398384
7.82 -0.0901527 0 0.00398384
7.825 -0.0901527 0 0.00398384
7.83 -0.0901527 0 0.00398384
7.835 -0.0901527 0 0.00398384
7.84 -0.0901527 0 0.00398384
7.845 -0.0901527 0 0.00398384
7.85 -0.0901527 0 0.00398384
7.855 -0.0901527 0 0.00398384
7.86 -0.0901527 0 0.00398384
7.865 -0.0901527 0 0.00398384
7.87 -0.0901527 0 0.00398384
7.875 -0.0901527 0 0.00398384
7.88 -0.0901527 0 0.00398384
7.885 -0.0901527 0 0.00398384
7.89 -0.0901527 0 0.00398384
7.895 -0.0901527 0 0.00398384
7.9 -0.0901527 0 0.00398384
7.905 -0.0901527 0 0.00398384
7.91 -0.0901527 0 0.00398384
7.915 -0.0901527 0 0.00398384
7.92 -0.0901527 0 0.00398384
7.925 -0.0901527 0 0.00398384
7.93 -0.0901527 0 0.00398384
7.935 -0.0901527 0 0.00398384
7.94 -0.0901527 0 0.00398384
7.945 -0.0901527 0 0.00398384
7.95 -0.0901527 0 0.00398384
7.955 -0.0901527 0 0.00398384
7.96 -0.0901527 0 0.00398384
7.965 -0.0901527 0 0.00398384
7.97 -0.0901527 0 0.00398384
7.975 -0.0901527 0 0.00398384
7.98 -0.0901527 0 0.00398384
7.985 -0.0901527 0 0.00398384
7.99 -0.0901527 0 0.00398384
7.995 -0.0901527 0 0.00398384
8 -0.0901527 0 0.00398384
8.005 -0.0901527 0 0.00398384
8.01 -0.0901527 0 0.00398384
8.015 -0.0901527 0 0.00398384
8.02 -0.0901527 0 0.00398384
8.025 -0.0901527 0 0.00398384
8.03 -0.0901527 0 0.00398384
8.035 -0.0901527 0 0.00398384
8.04 -0.0901527 0 0.00398384
8.045 -0.0901527 0 0.00398384
8.05 -0.0901527 0 0.00398384
8.055 -0.0901527 0 0.00398384
8.06 -0.0901527 0 0.00398384
8.065 -0.0901527 0 0.00398384
8.07 -0.0901527 0 0.00398384
8.075 -0.0901527 0 0.00398384
8.08 -0.0901527 0 0.00398384
8.085 -0.0901527 0 0.00398384
8.09 -0.0901527 0 0.00398384
8.095 -0.0901527 0 0.00398384
8.1 -0.0901527 0 0.00398384
8.105 -0.0901527 0 0.00398384
8.11 -0.0901527 0 0.00398384
8.115 -0.0901527 0 0.00398384
8.12 -0.0901527 0 0.00398384
8.125 -0.0901527 0 0.00398384
8.13 -0.0901527 0 0.00398384
8.135 -0.0901527 0 0.00398384
8.14 -0.0901527 0 0.00398384
8.145 -0.0901527 0 0.00398384
8.15 -0.0901527 0 0.00398384
8.155 -0.0901527 0 0.00398384
8.16 -0.0901527 0 0.00398384
8.165 -0.0901527 0 0.00398384
8.17 -0.0901527 0 0.00398384
8.175 -0.0901527 0 0.00398384
8.18 -0.0901527 0 0.00398384
8.185 -0.0901527 0 0.00398384
8.19 -0.0901527 0 0.00398384
8.195 -0.0901527 0 0.00398384
8.2 -0.0901527 0 0.00398384
8.205 -0.0901527 0 0.00398384
8.21 -0.0901527 0 0.00398384
8.215 -0.0901527 0 0.00398384
8.22 -0.0901527 0 0.00398384
8.225 -0.0901527 0 0.00398384
8.23 -0.0901527 0 0.00398384
8.235 -0.0901527 0 0.00398384
8.24 -0.0901527 0 0.00398384
8.245 -0.0901527 0 0.00398384
8.25 -0.0901527 0 0.00398384
8.255 -0.0901527 0 0.00398384
8.26 -0.0901527 0 0.00398384
8.265 -0.0901527 0 0.00398384
8.27 -0.0901527 0 0.00398384
8.275 -0.0901527 0 0.00398384
8.28 -0.0901527 0 0.00398384
8.285 -0.0901527 0 0.00398384
8.29 -0.0901527 0 0.00398384
8.295 -0.0901527 0 0.00398384
8.3 -0.0901527 0 0.00398384
8.305 -0.0901527 0 0.00398384
8.31 -0.0901527 0 0.00398384
8.315 -0.0901527 0 0.00398384
8.32 -0.0901527 0 0.00398384
8.325 -0.0901527 0 0.00398384
8.33 -0.0901527 0 0.00398384
8.335 -0.0901527 0 0.00398384
8.34 -0.0901527 0 0.00398384
8.345 -0.0901527 0 0.00398384
8.35 -0.0901527 0 0.00398384
8.355 -0.0901527 0 0.00398384
8.36 -0.0901527 0 0.00398384
8.365 -0.0901527 0 0.00398384
8.37 -0.0901527 0 0.00398384
8.375 -0.0901527 0 0.00398384
8.38 -0.0901527 0 0.00398384
8.385 -0.0901527 0 0.00398384
8.39 -0.0901527 0 0.00398384
8.395 -0.0901527 0 0.00398384
8.4 -0.0901527 0 0.00398384
8.405 -0.0901527 0 0.00398384
8.41 -0.0901527 0 0.00398384
8.415 -0.0901527 0 0.00398384
8.42 -0.0901527 0 0.00398384
8.425 -0.0901527 0 0.00398384
8.43 -0.0901527 0 0.00398384
8.435 -0.0901527 0 0.00398384
8.44 -0.0901527 0 0.00398384
8.445 -0.0901527 0 0.00398384
8.45 -0.0901527 0 0.00398384
8.455 -0.0901527 0 0.00398384
8.46 -0.0901527 0 0.00398384
8.465 -0.0901527 0 0.00398384
8.47 -0.0901527 0 0.00398384
8.475 -0.0901527 0 0.00398384
8.48 -0.0901527 0 0.00398384
8.485 -0.0901527 0 0.00398384
8.49 -0.0901527 0 0.00398384
8.495 -0.0901527 0 0.00398384
8.5 -0.0901527 0 0.00398384
8.505 -0.0901527 0 0.00398384
8.51 -0.0901527 0 0.00398384
8.515 -0.0901527 0 0.00398384
8.52 -0.0901527 0 0.00398384
8.525 -0.0901527 0 0.00398384
8.53 -0.0901527 0 0.00398384
8.535 -0.0901527 0 0.00398384
8.54 -0.0901527 0 0.00398384
8.545 -0.0901527 0 0.00398384
8.55 -0.0901527 0 0.00398384
8.555 -0.0901527 0 0.00398384
8.56 -0.0901527 0 0.00398384
8.565 -0.0901527 0 0.00398384
8.57 -0.0901527 0 0.00398384
8.575 -0.0901527 0 0.00398384
8.58 -0.0901527 0 0.00398384
8.585 -0.0901527 0 0.00398384
8.59 -0.0901527 0 0.00398384
8.595 -0.0901527 0 0.00398384
8.6 -0.0901527 0 0.00398384
8.605 -0.0901527 0 0.00398384
8.61 -0.0901527 0 0.00398384
8.615 -0.0901527 0 0.00398384
8.62 -0.0901527 0 0.00398384
8.625 -0.0901527 0 0.00398384
8.63 -0.0901527 0 0.00398384
8.635 -0.0901527 0 0.00398384
8.64 -0.0901527 0 0.00398384
8.645 -0.0901527 0 0.00398384
8.65 -0.0901527 0 0.00398384
8.655 -0.0901527 0 0.00398384
8.66 -0.0901527 0 0.00398384
8.665 -0.0901527 0 0.00398384
8.67 -0.0901527 0 0.00398384
8.675 -0.0901527 0 0.00398384
8.68 -0.0901527 0 0.00398384
8.685 -0.0901527 0 0.00398384
8.69 -0.0901527 0 0.00398384
8.695 -0.0901527 0 0.00398384
8.7 -0.0901527 0 0.00398384
8.705 -0.0901527 0 0.00398384
8.71 -0.0901527 0 0.00398384
8.715 -0.0901527 0 0.00398384
8.72 -0.0901527 0 0.00398384
8.725 -0.0901527 0 0.00398384
8.73 -0.0901527 0 0.00398384
8.735 -0.0901527 0 0.00398384
8.74 -0.0901527 0 0.00398384
8.745 -0.0901527 0 0.00398384
8.75 -0.0901527 0 0.00398384
8.755 -0.0901527 0 0.00398384
8.76 -0.0901527 0 0.00398384
8.765 -0.0901527 0 0.00398384
8.77 -0.0901527 0 0.00398384
8.775 -0.0901527 0 0.00398384
8.78 -0.0901527 0 0.00398384
8.785 -0.0901527 0 0.00398384
8.79 -0.0901527 0 0.00398384
8.795 -0.0901527 0 0.00398384
8.8 -0.0901527 0 0.00398384
8.805 -0.0901527 0 0.00398384
8.81 -0.0901527 0 0.00398384
8.815 -0.0901527 0 0.00398384
8.82 -0.0901527 0 0.00398384
8.825 -0.0901527 0 0.00398384
8.83 -0.0901527 0 0.00398384
8.835 -0.0901527 0 0.00398384
8.84 -0.0901527 0 0.00398384
8.845 -0.0901527 0 0.00398384
8.85 -0.0901527 0 0.00398384
8.855 -0.0901527 0 0.00398384
8.86 -0.0901527 0 0.00398384
8.865 -0.0901527 0 0.00398384
8.87 -0.0901527 0 0.00398384
8.875 -0.0901527 0 0.00398384
8.88 -0.0901527 0 0.00398384
8.885 -0.0901527 0 0.00398384
8.89 -0.0901527 0 0.00398384
8.895 -0.0901527 0 0.00398384
8.9 -0.0901527 0 0.00398384
8.905 -0.0901527 0 0.00398384
8.91 -0.0901527 0 0.00398384
8.915 -0.0901527 0 0.00398384
8.92 -0.0901527 0 0.00398384
8.925 -0.0901527 0 0.00398384
8.93 -0.0901527 0 0.00398384
8.935 -0.0901527 0 0.00398384
8.94 -0.0901527 0 0.00398384
8.945 -0.0901527 0 0.00398384
8.95 -0.0901527 0 0.00398384
8.955 -0.0901527 0 0.00398384
8.96 -0.0901527 0 0.00398384
8.965 -0.0901527 0 0.00398384
8.97 -0.0901527 0 0.00398384
8.975 -0.0901527 0 0.00398384
8.98 -0.0901527 0 0.00398384
8.985 -0.0901527 0 0.00398384
8.99 -0.0901527 0 0.00398384
8.995 -0.0901527 0 0.00398384
9 -0.0901527 0 0.00398384
9.005 -0.0901527 0 0.00398384
9.01 -0.0901527 0 0.00398384
9.015 -0.0901527 0 0.00398384
9.02 -0.0901527 0 0.00398384
9.025 -0.0901527 0 0.00398384
9.03 -0.0901527 0 0.00398384
9.035 -0.0901527 0 0.00398384
9.04 -0.0901527 0 0.00398384
9.045 -0.0901527 0 0.00398384
9.05 -0.0901527 0 0.00398384
9.055 -0.0901527 0 0.00398384
9.06 -0.0901527 0 0.00398384
9.065 -0.0901527 0 0.00398384
9.07 -0.0901527 0 0.00398384
9.075 -0.0901527 0 0.00398384
9.08 -0.0901527 0 0.00398384
9.085 -0.0901527 0 0.00398384
9.09 -0.0901527 0 0.00398384
9.095 -0.0901527 0 0.00398384
9.1 -0.0901527 0 0.00398384
9.105 -0.0901527 0 0.00398384
9.11 -0.0901527 0 0.00398384
9.115 -0.0901527 0 0.00398384
9.12 -0.0901527 0 0.00398384
9.125 -0.0901527 0 0.00398384
9.13 -0.0901527 0 0.00398384
9.135 -0.0901527 0 0.00398384
9.14 -0.0901527 0 0.00398384
9.145 -0.0901527 0 0.00398384
9.15 -0.0901527 0 0.00398384
9.155 -0.0901527 0 0.00398384
9.16 -0.0901527 0 0.00398384
9.165 -0.0901527 0 0.00398384
9.17 -0.0901527 0 0.00398384
9.175 -0.0901527 0 0.00398384
9.18 -0.0901527 0 0.00398384
9.185 -0.0901527 0 0.00398384
9.19 -0.0901527 0 0.00398384
9.195 -0.0901527 0 0.00398384
9.2 -0.0901527 0 0.00398384
9.205 -0.0901527 0 0.00398384
9.21 -0.0901527 0 0.00398384
9.215 -0.0901527 0 0.00398384
9.22 -0.0901527 0 0.00398384
9.225 -0.0901527 0 0.00398384
9.23 -0.0901527 0 0.00398384
9.235 -0.0901527 0 0.00398384
9.24 -0.0901527 0 0.00398384
9.245 -0.0901527 0 0.00398384
9.25 -0.0901527 0 0.00398384
9.255 -0.0901527 0 0.00398384
9.26 -0.0901527 0 0.00398384
9.265 -0.0901527 0 0.00398384
9.27 -0.0901527 0 0.00398384
9.275 -0.0901527 0 0.00398384
9.28 -0.0901527 0 0.00398384
9.285 -0.0901527 0 0.00398384
9.29 -0.0901527 0 0.00398384
9.295 -0.0901527 0 0.00398384
9.3 -0.0901527 0 0.00398384
9.305 -0.0901527 0 0.00398384
9.31 -0.0901527 0 0.00398384
9.315 -0.0901527 0 0.00398384
9.32 -0.0901527 0 0.00398384
9.325 -0.0901527 0 0.00398384
9.33 -0.0901527 0 0.00398384
9.335 -0.0901527 0 0.00398384
9.34 -0.0901527 0 0.00398384
9.345 -0.0901527 0 0.00398384
9.35 -0.0901527 0 0.00398384
9.355 -0.0901527 0 0.00398384
9.36 -0.0901527 0 0.00398384
9.365 -0.0901527 0 0.00398384
9.37 -0.0901527 0 0.00398384
9.375 -0.0901527 0 0.00398384
9.38 -0.0901527 0 0.00398384
9.385 -0.0901527 0 0.00398384
9.39 -0.0901527 0 0.00398384
9.395 -0.0901527 0 0.00398384
9.4 -0.0901527 0 0.00398384
9.405 -0.0901527 0 0.00398384
9.41 -0.0901527 0 0.00398384
9.415 -0.0901527 0 0.00398384
9.42 -0.0901527 0 0.00398384
9.425 -0.0901527 0 0.00398384
9.43 -0.0901527 0 0.00398384
9.435 -0.0901527 0 0.00398384
9.44 -0.0901527 0 0.00398384
9.445 -0.0901527 0 0.00398384
9.45 -0.0901527 0 0.00398384
9.455 -0.0901527 0 0.00398384
9.46 -0.0901527 0 0.00398384
9.465 -0.0901527 0 0.00398384
9.47 -0.0901527 0 0.00398384
9.475 -0.0901527 0 0.00398384
9.48 -0.0901527 0 0.00398384
9.485 -0.0901527 0 0.00398384
9.49 -0.0901527 0 0.00398384
9.495 -0.0901527 0 0.00398384
9.5 -0.0901527 0 0.00398384
9.505 -0.0901527 0 0.00398384
9.51 -0.0901527 0 0.00398384
9.515 -0.0901527 0 0.00398384
9.52 -0.0901527 0 0.00398384
9.525 -0.0901527 0 0.00398384
9.53 -0.0901527 0 0.00398384
9.535 -0.0901527 0 0.00398384
9.54 -0.0901527 0 0.00398384
9.545 -0.0901527 0 0.00398384
9.55 -0.0901527 0 0.00398384
9.555 -0.0901527 0 0.00398384
9.56 -0.0901527 0 0.00398384
9.565 -0.0901527 0 0.00398384
9.57 -0.0901527 0 0.00398384
9.575 -0.0901527 0 0.00398384
9.58 -0.0901527 0 0.00398384
9.585 -0.0901527 0 0.00398384
9.59 -0.0901527 0 0.00398384
9.595 -0.0901527 0 0.00398384
9.6 -0.0901527 0 0.00398384
9.605 -0.0901527 0 0.00398384
9.61 -0.0901527 0 0.00398384
9.615 -0.0901527 0 0.00398384
9.62 -0.0901527 0 0.00398384
9.625 -0.0901527 0 0.00398384
9.63 -0.0901527 0 0.00398384
9.635 -0.0901527 0 0.00398384
9.64 -0.0901527 0 0.00398384
9.645 -0.0901527 0 0.00398384
9.65 -0.0901527 0 0.00398384
9.655 -0.0901527 0 0.00398384
9.66 -0.0901527 0 0.00398384
9.665 -0.0901527 0 0.00398384
9.67 -0.0901527 0 0.00398384
9.675 -0.0901527 0 0.00398384
9.68 -0.0901527 0 0.00398384
9.685 -0.0901527 0 0.00398384
9.69 -0.0901527 0 0.00398384
9.695 -0.0901527 0 0.00398384
9.7 -0.0901527 0 0.00398384
9.705 -0.0901527 0 0.00398384
9.71 -0.0901527 0 0.00398384
9.715 -0.0901527 0 0.00398384
9.72 -0.0901527 0 0.00398384
9.725 -0.0901527 0 0.00398384
9.73 -0.0901527 0 0.00398384
9.735 -0.0901527 0 0.00398384
9.74 -0.0901527 0 0.00398384
9.745 -0.0901527 0 0.00398384
9.75 -0.0901527 0 0.00398384
9.755 -0.0901527 0 0.00398384
9.76 -0.0901527 0 0.00398384
9.765 -0.0901527 0 0.00398384
9.77 -0.0901527 0 0.00398384
9.775 -0.0901527 0 0.00398384
9.78 -0.0901527 0 0.00398384
9.785 -0.0901527 0 0.00398384
9.79 -0.0901527 0 0.00398384
9.795 -0.0901527 0 0.00398384
9.8 -0.0901527 0 0.00398384
9.805 -0.0901527 0 0.00398384
9.81 -0.0901527 0 0.00398384
9.815 -0.0901527 0 0.00398384
9.82 -0.0901527 0 0.00398384
9.825 -0.0901527 0 0.00398384
9.83 -0.0901527 0 0.00398384
9.835 -0.0901527 0 0.00398384
9.84 -0.0901527 0 0.00398384
9.845 -0.0901527 0 0.00398384
9.85 -0.0901527 0 0.00398384
9.855 -0.0901527 0 0.00398384
9.86 -0.0901527 0 0.00398384
9.865 -0.0901527 0 0.00398384
9.87 -0.0901527 0 0.00398384
9.875 -0.0901527 0 0.00398384
9.88 -0.0901527 0 0.00398384
9.885 -0.0901527 0 0.00398384
9.89 -0.0901527 0 0.00398384
9.895 -0.0901527 0 0.00398384
9.9 -0.0901527 0 0.00398384
9.905 -0.0901527 0 0.00398384
9.91 -0.0901527 0 0.00398384
9.915 -0.0901527 0 0.00398384
9.92 -0.0901527 0 0.00398384
9.925 -0.0901527 0 0.00398384
9.93 -0.0901527 0 0.00398384
9.935 -0.0901527 0 0.00398384
9.94 -0.0901527 0 0.00398384
9.945 -0.0901527 0 0.00398384
9.95 -0.0901527 0 0.00398384
9.955 -0.0901527 0 0.00398384
9.96 -0.0901527 0 0.00398384
9.965 -0.0901527 0 0.00398384
9.97 -0.0901527 0 0.00398384
9.975 -0.0901527 0 0.00398384
9.98 -0.0901527 0 0.00398384
9.985 -0.0901527 0 0.00398384
9.99 -0.0901527 0 0.00398384
9.995 -0.0901527 0 0.00398384
10 -0.0901527 0 0.00398384
